0.05830836
0.05830875
0.05830981
0.05831255
0.05831937
0.058335662
0.05837304
0.058455408
0.058629747
0.058984146
0.059676085
0.060973637
0.063310616
0.067353226
0.07406979
0.08478765
0.10121422
0.12539457
0.15958114
0.20600337
0.2665477
0.3423878
0.43363124
0.53906554
0.6560801
0.7808115
0.9085109
1.0340792
1.1526693
1.2602402
1.3539573
1.432376
1.4953991
1.544046
1.5801114
1.6057917
1.6233544
1.6348904
1.642168
1.6465778
1.6491443
1.6505787
1.6513488
1.6517459
1.6519425
1.652036
1.6520787
1.6520976
1.6521055
1.6521086
1.6521099
1.6521103
1.6521105
1.6521106
1.6521106
1.6521106
1.6521106
1.6521106
1.6521106
1.6521106
1.6521106
1.6521106
1.6521106
1.6521106
1.6521106
1.6521106
1.6521106
1.6521106
1.6521106
1.6521106
1.6521106
1.6521106
1.6521106
0.05830836
0.05830875
0.05830981
0.05831255
0.05831937
0.058335662
0.05837304
0.058455408
0.058629747
0.058984146
0.059676085
0.060973637
0.063310616
0.067353226
0.07406979
0.08478765
0.10121422
0.12539457
0.15958114
0.20600337
0.2665477
0.3423878
0.43363124
0.53906554
0.6560801
0.7808115
0.9085109
1.0340792
1.1526693
1.2602402
1.3539573
1.432376
1.4953991
1.544046
1.5801114
1.6057917
1.6233544
1.6348904
1.642168
1.6465778
1.6491443
1.6505787
1.6513488
1.6517459
1.6519425
1.652036
1.6520787
1.6520976
1.6521055
1.6521086
1.6521099
1.6521103
1.6521105
1.6521106
1.6521106
1.6521106
1.6521106
1.6521106
1.6521106
1.6521106
1.6521106
1.6521106
1.6521106
1.6521106
1.6521106
1.6521106
1.6521106
1.6521106
1.6521106
1.6521106
1.6521106
1.6521106
1.6521106
0.05830836
0.05830875
0.05830981
0.05831255
0.05831937
0.058335662
0.05837304
0.058455408
0.058629747
0.058984146
0.059676085
0.060973637
0.063310616
0.067353226
0.07406979
0.08478765
0.10121422
0.12539457
0.15958114
0.20600337
0.2665477
0.3423878
0.43363124
0.53906554
0.6560801
0.7808115
0.9085109
1.0340792
1.1526693
1.2602402
1.3539573
1.432376
1.4953991
1.544046
1.5801114
1.6057917
1.6233544
1.6348904
1.642168
1.6465778
1.6491443
1.6505787
1.6513488
1.6517459
1.6519425
1.652036
1.6520787
1.6520976
1.6521055
1.6521086
1.6521099
1.6521103
1.6521105
1.6521106
1.6521106
1.6521106
1.6521106
1.6521106
1.6521106
1.6521106
1.6521106
1.6521106
1.6521106
1.6521106
1.6521106
1.6521106
1.6521106
1.6521106
1.6521106
1.6521106
1.6521106
1.6521106
1.6521106
0.05830836
0.05830875
0.05830981
0.05831255
0.05831937
0.058335662
0.05837304
0.058455408
0.058629747
0.058984146
0.059676085
0.060973637
0.063310616
0.067353226
0.07406979
0.08478765
0.10121422
0.12539457
0.15958114
0.20600337
0.2665477
0.3423878
0.43363124
0.53906554
0.6560801
0.7808115
0.9085109
1.0340792
1.1526693
1.2602402
1.3539573
1.432376
1.4953991
1.544046
1.5801114
1.6057917
1.6233544
1.6348904
1.642168
1.6465778
1.6491443
1.6505787
1.6513488
1.6517459
1.6519425
1.652036
1.6520787
1.6520976
1.6521055
1.6521086
1.6521099
1.6521103
1.6521105
1.6521106
1.6521106
1.6521106
1.6521106
1.6521106
1.6521106
1.6521106
1.6521106
1.6521106
1.6521106
1.6521106
1.6521106
1.6521106
1.6521106
1.6521106
1.6521106
1.6521106
1.6521106
1.6521106
1.6521106
0.05830836
0.05830875
0.05830981
0.05831255
0.05831937
0.058335662
0.05837304
0.058455408
0.058629747
0.058984146
0.059676085
0.060973637
0.063310616
0.067353226
0.07406979
0.08478765
0.10121422
0.12539457
0.15958114
0.20600337
0.2665477
0.3423878
0.43363124
0.53906554
0.6560801
0.7808115
0.9085109
1.0340792
1.1526693
1.2602402
1.3539573
1.432376
1.4953991
1.544046
1.5801114
1.6057917
1.6233544
1.6348904
1.642168
1.6465778
1.6491443
1.6505787
1.6513488
1.6517459
1.6519425
1.652036
1.6520787
1.6520976
1.6521055
1.6521086
1.6521099
1.6521103
1.6521105
1.6521106
1.6521106
1.6521106
1.6521106
1.6521106
1.6521106
1.6521106
1.6521106
1.6521106
1.6521106
1.6521106
1.6521106
1.6521106
1.6521106
1.6521106
1.6521106
1.6521106
1.6521106
1.6521106
1.6521106